AO-07
1 07530U 74089B   19003.41170462 -.00000045  00000-0 -14649-5 0  9991
2 07530 101.7200 332.9484 0012030 309.5516 173.2041 12.53635990 19681
UO-11
1 14781U 84021B   19003.45635349  .00000073  00000-0  15172-4 0  9998
2 14781  97.6282  35.8810 0009449 138.6024 221.5908 14.83055025874124
LO-19
1 20442U 90005G   19003.40996005 -.00000006  00000-0  14178-4 0  9994
2 20442  98.6316 305.8521 0010673 281.2822  78.7162 14.32914268512563
HUBBLE
1 20580U 90037B   19003.83256288  .00000415  00000-0  14372-4 0  9990
2 20580  28.4682 228.6162 0002823 137.6615 312.6108 15.09154251375805
MET-2/21
1 22782U 93055A   19003.39054362  .00000044  00000-0  26727-4 0  9994
2 22782  82.5502 295.0377 0021042 286.5351 213.3061 13.83815873279862
AO-27
1 22825U 93061C   19003.60820547 -.00000010  00000-0  13847-4 0  9992
2 22825  98.8869 348.6019 0009290 119.1327 241.0785 14.30048276318211
IO-26
1 22826U 93061D   19002.94900274  .00000002  00000-0  18552-4 0  9993
2 22826  98.8809 347.9416 0009882 111.3302 248.8936 14.30380859318313
FO-29
1 24278U 96046B   19002.87920028  .00000001  00000-0  39376-4 0  9999
2 24278  98.5138 179.1103 0349573 312.8691  44.3571 13.53088320105241
NOAA-15
1 25338U 98030A   19003.53256280  .00000024  00000-0  28899-4 0  9991
2 25338  98.7591  24.9913 0010608  11.3317 348.8100 14.25889939 73575
GO-32
1 25397U 98043D   19002.84234977 -.00000022  00000-0  96609-5 0  9996
2 25397  98.6721 305.1651 0001900 127.4652 232.6700 14.23657889 64136
ISS
1 25544U 98067A   19009.51031552  .00016717  00000-0  10270-3 0  9020
2 25544  51.6401  70.5248 0002559 259.9208 100.1656 15.53761331 30592
NO-44
1 26931U 01043C   19003.17364192 -.00000034  00000-0  18827-4 0  9993
2 26931  67.0520  73.3729 0005757 262.0613  97.9834 14.30528242901155
SO-50
1 27607U 02058C   19002.88601724 -.00000029  00000-0  16841-4 0  9991
2 27607  64.5531 199.5673 0080444 288.2003  71.0354 14.75509455862428
CO-55
1 27844U 03031E   19003.82629574  .00000041  00000-0  38041-4 0  9993
2 27844  98.6857  14.5092 0010383 146.3495 213.8344 14.22153018804710
CO-57
1 27848U 03031J   19003.27879761  .00000037  00000-0  36687-4 0  9990
2 27848  98.6939  14.4294 0010084 158.1788 201.9821 14.21751792804497
RS-22
1 27939U 03042A   19003.66392143  .00000085  00000-0  23798-4 0  9992
2 27939  98.0147 142.9791 0011951 229.9296 130.0862 14.66743939816209
NOAA-18
1 28654U 05018A   19003.58718303  .00000053  00000-0  53778-4 0  9999
2 28654  99.1211  47.8677 0013392 285.3405  74.6285 14.12395701702064
CO-58
1 28895U 05043F   19003.17964188  .00000118  00000-0  31510-4 0  9995
2 28895  97.9335 151.8798 0017469 153.8993 206.3094 14.63617996703134
Falconsat-3
1 30776U 07006E   19002.62305765  .00001744  00000-0  51012-4 0  9991
2 30776  35.4365  76.3017 0002426  22.3273 337.7559 15.35414388654981
CO-65
1 32785U 08021C   19003.81990989  .00000197  00000-0  26939-4 0  9992
2 32785  97.5461  11.4067 0014631  92.8834 267.4058 14.88230447579012
AAUSAT2
1 32788U 08021F   19003.01754839  .00000526  00000-0  53626-4 0  9998
2 32788  97.5072  26.0479 0012858  44.7166 315.5090 14.94561912580020
DO-64
1 32789U 08021G   19003.39431495  .00000676  00000-0  49740-4 0  9998
2 32789  97.4881  57.9064 0011569 341.1173  18.9624 15.06564316581923
CO-66
1 32791U 08021J   19003.44423508  .00000396  00000-0  45612-4 0  9996
2 32791  97.5297  16.8035 0014842  73.6954 286.5896 14.90706304579345
RS-30
1 32953U 08025A   19003.68651643  .00000021  00000-0  75656-4 0  9995
2 32953  82.5024 247.9799 0019387 129.7960 230.4832 12.43087071481686
PRISM
1 33493U 09002B   19003.71314759  .00001071  00000-0  99737-4 0  9991
2 33493  98.1211 278.3819 0015624  16.9141 343.2616 14.96466949540332
NOAA-19
1 33591U 09005A   19003.56125703  .00000032  00000-0  42413-4 0  9990
2 33591  99.1651 350.7958 0014727 122.3083 237.9516 14.12326949510461
TISAT-1
1 36799U 10035E   19003.85735144  .00000235  00000-0  29853-4 0  9994
2 36799  98.1316 150.7713 0010989 269.6012  90.3946 14.90971836460055
JUGNU
1 37839U 11058B   19002.89512115  .00000299  00000-0  17704-4 0  9992
2 37839  19.9609 266.2458 0018856 288.1672 146.4137 14.12638500373640
SRMSAT
1 37841U 11058D   19002.90879410  .00000303  00000-0  21252-4 0  9990
2 37841 019.9730 319.4877 0011989 163.9485 228.3369 14.10621860373024
AO-71
1 37854U 11061E   19003.15923508  .00002307  00000-0  12568-3 0  9999
2 37854 101.7113 175.6992 0162080 200.2407 159.2331 15.06015004391924
HRBE
1 37855U 11061F   19003.15415877  .00002296  00000-0  12298-3 0  9992
2 37855 101.7235 173.1309 0174953 210.2196 148.8835 15.05005387391726
ALMASAT-1
1 38078U 12006B   19003.56024644  .00023282  39993-5  16760-3 0  9997
2 38078  69.4313  17.6903 0199100 161.2114 340.7343 15.52220555371621
HORYU-2
1 38340U 12025D   19003.04439471  .00000159  00000-0  31426-4 0  9998
2 38340  98.3494  36.4504 0010403 297.4476  62.5674 14.75649936356587
RS-40
1 38735U 12041C   19003.19903387  .00000020  00000-0  77486-4 0  9995
2 38735  82.4765 331.9012 0015745 237.3145 122.6425 12.42577091291873
BEESAT-3
1 39135U 13015F   19003.84298180  .00000738  00000-0  46872-4 0  9993
2 39135  64.8675 213.5811 0010641 262.3473  97.6444 15.17110270315085
BEESAT-2
1 39136U 13015G   19002.89545149  .00000638  00000-0  42496-4 0  9995
2 39136  64.8674 219.9695 0007571 271.0473  88.9785 15.16552674314874
ZACUBE-1
1 39417U 13066B   19002.89903020  .00000182  00000-0  29384-4 0  9994
2 39417  97.5719  25.6987 0058097 219.6952 140.0002 14.81034810276354
TRITON-1
1 39427U 13066M   19003.39201364  .00000201  00000-0  40180-4 0  9992
2 39427  97.6582 351.2389 0113486 338.7305  20.9203 14.67764745273949
GOMX-1
1 39430U 13066Q   19003.88643033  .00000243  00000-0  52661-4 0  9996
2 39430  97.7240 331.5911 0152623  57.4130 304.1706 14.59176478272422
LO-74
1 39440U 13066AA  19002.96111275  .00000180  00000-0  32281-4 0  9999
2 39440 097.5986 011.2938 0078926 266.6002 092.6178 14.75775102274188
AO-73
1 39444U 13066AE  19003.53093332  .00000214  00000-0  32793-4 0  9996
2 39444  97.5715  28.0653 0057418 212.0796 147.6920 14.81838004275321
SPROUT
1 39770U 14029E   19003.85269580  .00000592  00000-0  72021-4 0  9990
2 39770  97.8811 108.3410 0007894 270.7254  89.3061 14.87123884250183
DUCHIFAT-1
1 40021U 14033M   19003.73230877  .00000466  00000-0  53640-4 0  9996
2 40021  97.9205 287.8317 0011707 234.7114 125.3009 14.90488398246821
NANOSATCBR1
1 40024U 14033Q   19003.73992865  .00000283  00000-0  35532-4 0  9998
2 40024  97.9120 285.6591 0011004 237.5101 122.5053 14.89723678246736
EO-79
1 40025U 14033R   19002.82935438  .00000205  00000-0  27880-4 0  9992
2 40025  97.9062 282.7891 0011129 246.5089 113.4958 14.88842768246493
DTUSAT-2
1 40030U 14033W   19003.18363476  .00000231  00000-0  30898-4 0  9997
2 40030  97.8994 281.5638 0010648 239.9725 120.0436 14.88443195246481
EO-80
1 40032U 14033Y   19003.04811419  .00000226  00000-0  30474-4 0  9993
2 40032  97.9001 281.4303 0010591 241.1175 118.8980 14.88382643246458
ANTELSAT
1 40034U 14033AA  19003.87218637  .00000178  00000-0  33996-4 0  9997
2 40034  97.7828 237.8445 0057421 271.5159  87.9473 14.74025732244245
VELOX-1
1 40057U 14034E   19003.63330059  .00000276  00000-0  46207-4 0  9998
2 40057  98.2186 123.3605 0011811  50.2711 309.9545 14.77561209243242
DAURIA DX 1
1 40071U 14037C   19003.64870219  .00000129  00000-0  24001-4 0  9990
2 40071  98.4007 149.3118 0009365  44.8183 315.3786 14.81223196242671
UKUBE-1
1 40074U 14037F   19003.82890703  .00000286  00000-0  41535-4 0  9998
2 40074  98.4107 156.5943 0005256  37.2832 322.8748 14.83943273243054
HODOYOSHI-1
1 40299U 14070B   19003.78823240  .00000564  00000-0  26803-4 0  9991
2 40299  97.3639  86.8926 0011199 265.5812 243.2957 15.23162446231015
CHUBUSAT-1
1 40300U 14070C   19003.79240373  .00000634  00000-0  30819-4 0  9995
2 40300  97.3463  82.0390 0018709 280.3292 228.0797 15.21857228230780
QSAT-EOS
1 40301U 14070D   19003.77848862  .00001557  00000-0  64080-4 0  9993
2 40301  97.3435  84.2019 0024405 265.0144 248.6719 15.25391362230999
FIREBIRD FU3
1 40377U 15003B   19003.09408764  .00001920  00000-0  80759-4 0  9996
2 40377  99.0926 309.5602 0127977 285.5656  73.1476 15.18072884216644
FIREBIRD FU4
1 40378U 15003C   19003.80693896  .00002134  00000-0  89179-4 0  9991
2 40378  99.0931 310.4838 0128135 283.0580  75.6372 15.18082955216753
GRIFEX
1 40379U 15003D   19003.77645801  .00001722  00000-0  78160-4 0  9991
2 40379  99.0926 305.5173 0135873 298.9810  59.7853 15.14957452216467
NO-84
1 40654U 15025D   19003.56893523  .00004221  00000-0  70156-4 0 05017
2 40654 054.9907 208.8143 0143361 259.9687 098.5142 15.43974954086762
NO-83
1 40655U 15025E   19003.35023508  .00023251  00000-0  18826-3 0 05900
2 40655 054.9722 126.0657 0080896 311.4368 047.9563 15.66436957087556
DEORBITSAIL
1 40719U 15032E   19002.76075505  .00000344  00000-0  56501-4 0  9991
2 40719  97.9258 257.7959 0017380 121.7074 238.5833 14.76604898187627
NUDT-PHONESAT
1 40900U 15049B   19003.74913697  .00001969  00000-0  88837-4 0  9994
2 40900  97.4403  14.7811 0014619  51.7410  34.2065 15.22112323182411
XW-2A
1 40903U 15049E   19003.78963485  .00001462  00000-0  37148-4 0  9998
2 40903  97.3621  45.4535 0014883  31.8104  27.0392 15.41225971184691
XW-2C
1 40906U 15049H   19003.79774306  .00000647  00000-0  37598-4 0  9997
2 40906  97.4639   8.6933 0016462  58.0262 297.0123 15.15455629181861
XW-2D
1 40907U 15049J   19003.74571993  .00000715  00000-0  41006-4 0  9995
2 40907  97.4617   8.3220 0015879  55.8948  30.7913 15.15626734181878
LILACSAT-2
1 40908U 15049K   19003.81164529  .00000615  00000-0  37727-4 0  9991
2 40908  97.4741   7.4783 0017472  59.5194  64.9464 15.13672625181717
XW-2E
1 40909U 15049L   19003.82066294  .00001063  00000-0  56391-4 0  9999
2 40909  97.4586  10.8256 0015240  53.3621  70.8409 15.17433597182034
XW-2F
1 40910U 15049M   19003.79188995  .00001086  00000-0  58304-4 0  9991
2 40910  97.4606  10.0482 0016255  50.6160  35.7061 15.16949926181868
XW-2B
1 40911U 15049N   19003.70556867  .00000414  00000-0  25256-4 0  9994
2 40911  97.4647   8.8895 0015712  56.4374  32.9638 15.15561363181767
DCBB
1 40912U 15049P   19003.79319444  .00001186  00000-0  59419-4 0  9997
2 40912  97.4505  13.3434 0016179  37.0175 322.3402 15.19218494182116
TW-1C
1 40926U 15051B   19003.83332818  .00007936  00000-0  13165-3 0  9996
2 40926  97.1615  50.4058 0007199 267.0767 180.0989 15.52366463184408
TW-1A
1 40928U 15051D   19003.69864449  .00002551  00000-0  66391-4 0  9990
2 40928  97.1656  38.6058 0010484 324.1464 131.3994 15.39763655183620
IO-86
1 40931U 15052B   19001.03053859  .00000657  00000-0  23912-5 0  9994
2 40931   5.9994 179.3014 0013070 291.3303  68.5828 14.76594211176294
LQSat
1 40958U 15057A   19003.89122241 -.00000019  00000-0  47404-5 0  9991
2 40958  97.9202  77.3921 0019419  55.7105 304.5926 14.73062141174395
AO-85
1 40967U 15058D   19003.44480310  .00000136  00000-0  31958-4 0 05583
2 40967 064.7773 303.2196 0213108 253.5733 104.1867 14.75851654083205
ATHENOXAT-1
1 41168U 15077C   18365.34780891  .00000688  00000-0  63829-7 0  9990
2 41168  14.9824  16.9226 0013319 262.6805 217.3019 15.13225131168284
ChubuSat-2
1 41338U 16012B   19003.47589137  .00000325  00000-0  18583-4 0  9995
2 41338  31.0030 121.0285 0013935 257.4295 102.4782 15.00077024157937
ChubuSat-3
1 41339U 16012C   19003.73123524  .00000344  00000-0  19993-4 0  9996
2 41339  31.0099 117.7246 0013960 266.9200  92.9832 15.00258034157965
Horyu-4
1 41340U 16012D   19003.47677096  .00000495  00000-0  30948-4 0  9997
2 41340  31.0051 112.2978 0014180 280.4592  79.4446 15.01142162158010
OUFTI-1
1 41458U 16025C   19003.76424648  .00002189  00000-0  11605-3 0  9996
2 41458  98.1137  82.1639 0167855 194.4111 165.2289 15.05279124147613
e-st@r-II
1 41459U 16025D   19003.67705646  .00002292  00000-0  12163-3 0  9992
2 41459  98.1169  81.8278 0169551 195.5803 164.0143 15.04975230147570
AAUSAT4
1 41460U 16025E   19003.64858503  .00001790  00000-0  94737-4 0  9992
2 41460  98.1095  82.6617 0159599 189.8384 169.9697 15.06634487147663
LO-87
1 41557U 16033B   19003.79311560  .00001262  00000-0  50633-4 0  9992
2 41557  97.4280  92.2572 0014639 158.0417 202.1452 15.26776223144770
NuSat2
1 41558U 16033C   19003.83710265  .00001331  00000-0  50347-4 0  9992
2 41558  97.4300  92.8185 0013628 159.9083 200.2696 15.28664151144795
Lapan A3
1 41603U 16040E   19003.78958826  .00000031  00000-0  46332-5 0  9998
2 41603  97.3864  66.3631 0011755 258.3572 237.9290 15.19650676140541
Swayam
1 41607U 16040J   19002.85280464  .00001253  00000-0  56543-4 0  9996
2 41607  97.3896  67.8478 0012042 255.8296 104.1602 15.22808105140481
Pratham
1 41783U 16059A   19002.92212157  .00000057  00000-0  20450-4 0  9992
2 41783 098.0928 065.9759 0033530 186.1373 173.9423 14.62964902121168
AlSat 1N
1 41789U 16059G   19003.87260253  .00000053  00000-0  19094-4 0  9991
2 41789  98.0944  68.5491 0028446 173.4142 186.7435 14.64206629121383
ScatSat
1 41790U 16059H   19002.75843175  .00000011  00000-0  13882-4 0  9992
2 41790  98.2342  51.6416 0017849 195.4557 164.6095 14.50885624120129
TY-1
1 41844U 16066D   19003.72123087  .00001431  00000-0  62127-4 0  9994
2 41844  97.4060  13.1000 0016932  55.2789  32.5009 15.23835061119410
Pegasus-1
1 41846U 16066F   19002.82928774  .00000207  00000-0  41890-4 0  9996
2 41846 098.7340 040.1804 0368036 014.4103 346.7247 14.37470301112582
CAS-2T
1 41847U 16066G   19003.16805634  .00000079  00000-0  22452-4 0  9994
2 41847  98.7291  41.0346 0366242  10.3821 350.4671 14.37949130113066
TO-89
1 41932U 98067KU  19003.69298287  .08988731  12526-4  32153-3 0  9994
2 41932  51.6105   8.9412 0001311 269.7383  90.3495 16.44586236112635
EO-88
1 42017U 17008BX  19003.65304712  .00001292  00000-0  54586-4 0  9997
2 42017  97.4256  72.3183 0007314  46.0082 314.1758 15.25032802104617
HAVELSAT
1 42700U 98067LH  19003.55067792  .00108320  15498-4  34027-3 0  9991
2 42700  51.6251  38.4441 0003964   3.9419 356.1618 15.91283117 93670
SOMP2
1 42701U 98067LJ  19003.58322306  .00086915  00000-0  32333-3 0  9992
2 42701  51.6325  42.5539 0003262 348.1337  11.9590 15.87287530 93618
PHOENIX
1 42706U 98067LP  19003.54467153  .00039210  00000-0  20425-3 0  9998
2 42706  51.6290  47.5885 0000700 339.2081  20.8892 15.80515539 93467
X-CubeSat
1 42707U 98067LQ  19003.55572810  .00181140  24345-4  40824-3 0  9994
2 42707  51.6242  35.3381 0004123  28.2077 331.9154 15.97262225 93617
qbee
1 42708U 98067LR  19003.51852542  .00112734  15832-4  35937-3 0  9997
2 42708  51.6258  39.7568 0003263  19.2348 340.8781 15.90978926 93514
ZA-AeroSat
1 42713U 98067LU  19003.69777808  .00035506  00000-0  19911-3 0  9995
2 42713  51.6357  51.6594 0000817 288.0555  72.0357 15.78937501 93085
SpaceCube
1 42717U 98067LY  19003.56680750  .00099451  14776-4  32412-3 0  9993
2 42717  51.6215  39.9738 0003892   6.5617 353.5439 15.90621059 92594
NJUST-1
1 42722U 98067MB  19003.70331112  .00030233  00000-0  18953-3 0  9998
2 42722  51.6412  55.3113 0003207 294.6100 155.9087 15.76510154 92102
LO-90
1 42725U 98067ME  19003.67116987  .00070047  00000-0  28825-3 0  9994
2 42725  51.6357  45.9728 0003068 339.5076 119.2848 15.85295643 92130
nSIGHT1
1 42726U 98067MF  19003.63933773  .00007641  00000-0  80031-4 0  9999
2 42726  51.6391  74.0538 0004402 267.4128  92.6364 15.65530318 91765
SNUSAT 1B
1 42727U 98067MG  19003.55579248  .00065896  00000-0  27840-3 0  9998
2 42727  51.6310  46.8170 0002522 293.2787  66.7950 15.84772105 92076
QBITO
1 42728U 98067MH  19003.54594707  .00123852  16998-4  35176-3 0  9990
2 42728  51.6304  39.3121 0003876  11.5672 348.5423 15.93143064 92016
Aalto-2
1 42729U 98067MJ  19003.53935485  .00161234  21442-4  38930-3 0  9999
2 42729  51.6235  37.5674 0004077  21.9540 338.1642 15.96051190 92048
SUSat
1 42730U 98067MK  19003.54184429  .00071285  00000-0  27832-3 0  9994
2 42730  51.6328  44.5210 0002928 351.8768   8.2189 15.86376126 91944
PolyITAN-2-SAU
1 42732U 98067MM  19003.54062234  .00159216  21302-4  36947-3 0  9995
2 42732  51.6271  36.8271 0002906  27.5645 332.5518 15.96788480 92098
Aoxiang-1
1 42735U 98067MQ  19003.66436519  .00032848  00000-0  19738-3 0  9990
2 42735  51.6344  54.2283 0003445 297.0303 155.5406 15.77424504 93243
BeEagleSat
1 42736U 98067MR  19003.56519423  .00050274  00000-0  24319-3 0  9990
2 42736  51.6315  49.1977 0003749 304.6871  55.3778 15.82004490 91990
CAS-4B
1 42759U 17034B   19003.65970065  .00000173  00000-0  24195-4 0  9999
2 42759  43.0189  62.5810 0011777 284.9362 217.5213 15.09455781 85743
CAS-4A
1 42761U 17034D   19003.63017644  .00000285  00000-0  30996-4 0  9995
2 42761  43.0198  62.3838 0012100 286.3679 210.0856 15.09533088 85739
UCLSat
1 42765U 17036A   19003.39127605  .00001110  00000-0  51069-4 0  9995
2 42765  97.3761  64.7714 0013326  94.2996 265.9763 15.22334715 85163
NIUSat
1 42766U 17036B   19002.72391189  .00000779  00000-0  38361-4 0  9992
2 42766  97.3760  62.9421 0017494  86.5722 273.7514 15.20780938 84855
LituanicaSAT 2
1 42768U 17036D   19003.16403005  .00001653  00000-0  74881-4 0  9993
2 42768  97.3787  64.1020 0017039  86.4010 273.9175 15.22139166 84970
Aalto 1
1 42775U 17036L   19002.71292375  .00000649  00000-0  32204-4 0  9994
2 42775  97.3751  63.2175 0015807  86.7350 273.5694 15.21061681 84822
URSA MAIOR
1 42776U 17036M   19003.21331382  .00000764  00000-0  37253-4 0  9990
2 42776  97.3757  63.8057 0015614  85.2546 275.0472 15.21176897 84907
Max Valier Sat
1 42778U 17036P   19003.76854008  .00000772  00000-0  37103-4 0  9990
2 42778  97.3789  64.8993 0014170  87.9769 272.3089 15.21699087 85003
Pegasus
1 42784U 17036V   19003.58683185  .00000970  00000-0  45286-4 0  9994
2 42784  97.3763  64.8357 0013883  93.9255 266.3569 15.22113372 84995
NUDATSat
1 42787U 17036Y   19003.81052486  .00001476  00000-0  65849-4 0  9996
2 42787  97.3791  65.4864 0013042  86.0751 274.1974 15.22894500 84895
SUCHAI 1
1 42788U 17036Z   19002.84647836  .00001110  00000-0  50888-4 0  9990
2 42788  97.3768  64.3053 0013459  95.8546 264.4225 15.22457458 84966
SKCUBE
1 42789U 17036AA  19002.91874141  .00001024  00000-0  47251-4 0  9994
2 42789 097.3764 064.3479 0013318 095.6533 264.6223 15.22386798084893
VZLUSAT 1
1 42790U 17036AB  19002.74661532  .00001408  00000-0  62919-4 0  9999
2 42790 097.3775 064.4454 0012916 096.0132 264.2577 15.22900478084888
VENTA 1
1 42791U 17036AC  19002.89529406  .00001011  00000-0  46685-4 0  9991
2 42791 097.3763 064.3736 0012963 096.2423 264.0290 15.22414389084886
Robusta 1B
1 42792U 17036AD  19003.39311870  .00001131  00000-0  51640-4 0  9992
2 42792  97.3764  64.9198 0012897  94.9371 265.3338 15.22547157 84987
D-SAT
1 42794U 17036AF  19003.78065165  .00000108  00000-0  15035-4 0  9991
2 42794  97.5651  55.5564 0126079 335.1257  24.3917 14.90997187 83611
BIRD-J
1 42820U 98067MU  19003.58544430  .00044418  00000-0  23030-3 0  9994
2 42820  51.6326  53.1244 0000885 315.8334  44.2597 15.80559828 85407
BIRD-G
1 42821U 98067MV  19003.56633935  .00038448  00000-0  21600-3 0  9999
2 42821  51.6281  55.2446 0000550 289.9252  70.1690 15.78856688 85351
BIRD-M
1 42822U 98067MW  19003.61391195  .00042422  00000-0  22829-3 0  9996
2 42822  51.6344  54.0913 0001144 295.7730  64.3153 15.79763898 85376
BIRD-B
1 42823U 98067MX  19003.58411427  .00044548  00000-0  23510-3 0  9993
2 42823  51.6315  53.8980 0002249 262.7008  97.3738 15.80169011 85379
BIRD-N
1 42824U 98067MY  19003.58960023  .00041325  00000-0  22458-3 0  9995
2 42824  51.6345  54.7365 0002746 269.0021  91.0666 15.79556676 85351
TechnoSat
1 42829U 17042E   19003.77455016  .00000105  00000-0  16076-4 0  9997
2 42829  97.5813 263.3616 0012768 250.6271 109.3568 14.90907931 80210
TOMSK-TPU 120
1 42910U 98067MZ  19003.63897101  .00021785  00000-0  16864-3 0  9995
2 42910  51.6360  66.0373 0003979 255.4427 236.8210 15.71793700 78828
TANYUSHA 1
1 42911U 98067NA  19003.71133369  .00029080  00000-0  19705-3 0  9997
2 42911  51.6357  62.1342 0003323 261.9575 186.1351 15.74743755 78862
TANYUSHA 2
1 42912U 98067NB  19003.76510711  .00025942  00000-0  18718-3 0  9999
2 42912  51.6407  64.0118 0003196 272.0921 192.5732 15.73346816 78867
TNS 0-2
1 42914U 98067ND  19003.42689362  .00021301  00000-0  16533-3 0  9991
2 42914  51.6346  67.9762 0003524 261.6870  98.3728 15.71749234 78777
QIKCOM-1
1 42983U 98067NF  19003.79217091  .00002685  00000-0  42290-4 0  9997
2 42983  51.6398  92.3485 0003717 220.8329 139.2385 15.57620601 67473
AO-91
1 43017U 17073E   19002.76666852  .00000851  00000-0  72269-4 0  9995
2 43017  97.7193 290.6998 0258627 342.2262  17.0026 14.78339494 60595
EcAMSat
1 43019U 98067NG  19003.65133235  .00004748  00000-0  65713-4 0  9997
2 43019  51.6414  90.6819 0004496 197.8617 162.2219 15.59215058149801
PICSAT
1 43132U 18004X   19002.85816867  .00001036  00000-0  46882-4 0  9999
2 43132  97.5109  70.8549 0011357 116.2308 244.0097 15.23138729 54104
AO-92
1 43137U 18004AC  19002.90881200  .00000859  00000-0  39400-4 0  9993
2 43137 097.5103 070.9227 0010884 117.4337 242.8008 15.23118101054117
TianYi 2
1 43155U 18008A   19003.79831840  .00000690  00000-0  45142-4 0  9993
2 43155  97.5065  79.6941 0018259 170.5049 330.0277 15.10873906 52772
Zhou Enlai
1 43156U 18008B   19003.71622469  .00000517  00000-0  35288-4 0  9999
2 43156  97.5104  79.5356 0015244 166.8857 292.2394 15.10359502 52749
TianYi 6
1 43158U 18008D   19003.79311479  .00000226  00000-0  17772-4 0  9990
2 43158  97.5049  79.2740 0014091 165.4039 333.7309 15.10009766 52728
S-Net G
1 43186U 18014G   19003.81372851  .00000318  00000-0  33015-4 0  9992
2 43186  97.7175 274.5898 0010723 193.7877 166.3053 14.96557635 50323
S-Net H
1 43187U 18014H   19003.81355335  .00000304  00000-0  31819-4 0  9996
2 43187  97.7173 274.5821 0010699 193.7413 166.3519 14.96557527 50323
S-Net J
1 43188U 18014J   19003.81337149  .00000299  00000-0  31330-4 0  9991
2 43188  97.7176 274.5930 0010712 193.8094 166.2836 14.96558486 50326
S-Net K
1 43189U 18014K   19003.81363231  .00000308  00000-0  32162-4 0  9998
2 43189  97.7173 274.5805 0010713 193.7477 166.3455 14.96557245 48877
FMN 1
1 43192U 18015A   19003.86429322  .00002264  00000-0  97224-4 0  9995
2 43192  97.3789 134.0510 0017172 152.3455 207.8698 15.23595490 51066
Shaonian Xing
1 43199U 18015H   19003.80912672  .00001667  00000-0  70903-4 0  9992
2 43199  97.3566 133.4483 0017728 164.6164 195.5616 15.24273958 51097
1KUNS-PF
1 43466U 98067NP  19003.69814104  .00011975  00000-0  14849-3 0  9991
2 43466  51.6397  93.2229 0000253 132.7148 227.3867 15.60497723 36951
UBAKUSAT
1 43467U 98067NQ  19003.78348406  .00008624  00000-0  11457-3 0  9998
2 43467  51.6391  93.7905 0002496 153.0410 207.0713 15.59098968 36963
Irazu
1 43468U 98067NR  19003.68977465  .00014204  00000-0  16796-3 0  9993
2 43468  51.6393  92.4151 0000158  62.4996 297.6014 15.61566314136957
EnduroSat One
1 43551U 98067NZ  19003.82817043  .00009802  00000-0  13295-3 0  9996
2 43551  51.6396  95.5768 0005799 244.0522 115.9873 15.58346670 27175
EQUISat
1 43552U 98067PA  19002.69589328  .00008318  00000-0  11589-3 0  9998
2 43552  51.6398 101.5170 0006082 238.4264 121.6135 15.57861222 26953
UiTMSat 1
1 43589U 98067PD  19003.71347497  .00009985  00000-0  13916-3 0  9998
2 43589  51.6388  97.0573 0005444 251.9987 108.0412 15.57588851 22846
Maya 1
1 43590U 98067PE  19002.55608029  .00008724  00000-0  12244-3 0  9995
2 43590  51.6388 102.8282 0005564 248.0342 112.0059 15.57591000 22599
Bhutan 1
1 43591U 98067PF  19002.68062546  .00009408  00000-0  13127-3 0  9999
2 43591  51.6392 102.1606 0005666 249.9276 110.1106 15.57639975 22616
SiriusSat 1
1 43595U 98067PG  19003.81570329  .00009110  00000-0  12976-3 0  9993
2 43595  51.6394  96.9864 0003330 200.9715 159.1140 15.57131011 21965
SiriusSat 2
1 43596U 98067PH  19003.44397695  .00009150  00000-0  13107-3 0  9997
2 43596  51.6400  99.0173 0003975 202.9208 157.1607 15.56969481 21904
Tanusha-3
1 43597U 98067PJ  19003.16335042  .00009617  00000-0  13464-3 0  9999
2 43597  51.6376 100.1143 0003405 216.8691 143.2067 15.57522316 21860
SurfSat
1 43614U 18070B   19002.87279568  .00002206  00000-0  61544-4 0  9992
2 43614  93.0383 294.7055 0014427 222.0038 138.0109 15.36749224 16780
CP-7 DAVE
1 43615U 18070C   19003.19849766  .00001957  00000-0  54639-4 0  9991
2 43615  93.0385 294.8412 0014533 220.3517 139.6659 15.36728141 16830
ELFIN-B
1 43616U 18070D   19002.86293737  .00002966  00000-0  81990-4 0  9997
2 43616  93.0349 294.6591 0015350 226.5990 133.3986 15.36988101 16780
ELFIN-A
1 43617U 18070E   19002.86058955  .00002855  00000-0  78884-4 0  9994
2 43617  93.0401 294.7434 0014541 221.9213 138.0928 15.37025991 16783
STARS-Me Mother
1 43640U 98067PQ  19003.78039250  .00006658  00000-0  10147-3 0  9995
2 43640  51.6397  98.2555 0005519 192.6796 167.4058 15.55792916 13874
CubeBel 1
1 43666U 18083E   19003.77006766  .00000981  00000-0  52622-4 0  9996
2 43666  97.5344  29.2818 0016589  48.7797  39.3374 15.17222531 10122
Changshagaoxin
1 43669U 18083H   19003.85151905  .00000801  00000-0  44559-4 0  9995
2 43669  97.5200  29.1678 0012079  42.6553 317.5615 15.16497253 10091
Ten-Koh
1 43677U 18084G   19003.76413018 -.00000089  00000-0 -34009-5 0  9991
2 43677  97.8380 118.7518 0017536 108.6510 251.6599 14.90114130  9907
Diwata-2
1 43678U 18084H   19003.83547126  .00000212  00000-0  26814-4 0  9998
2 43678  97.8379 118.9770 0010999 126.3934 233.8277 14.91519365  9928
IRVINE 01
1 43693U 18088D   19003.42917842  .00002067  00000-0  91866-4 0  9999
2 43693  85.0359  67.8503 0021144  85.2800 275.0855 15.20645410  8098
Reaktor Hello World
1 43743U 18096AA  19003.71645569  .00001207  00000-0  49349-4 0  9994
2 43743  97.4822  73.7523 0018110 195.8761 263.3419 15.26203159  5412
OBJECT B
1 43759U 18099B   19003.80654145  .00000493  00000-0  50248-4 0  9990
2 43759  97.7655  77.6644 0015171 149.2214 210.9899 14.95051882  4635
OBJECT C
1 43760U 18099C   19003.80742343  .00000969  00000-0  93683-4 0  9998
2 43760  97.7646  77.6549 0014868 154.9185 205.2761 14.95022876  4640
OBJECT F
1 43763U 18099F   19003.86475198 -.00000290  00000-0 -20953-4 0  9997
2 43763  97.7640  77.7342 0013469 154.4785 205.7109 14.95467370  4650
OBJECT J
1 43766U 18099J   19003.81949692  .00000564  00000-0  57586-4 0  9994
2 43766  97.7643  77.6406 0012268 151.3453 208.8444 14.94429263  4643
AO-95
1 43770U 18099N   19003.74795692  .00000669  00000-0  66940-4 0  9990
2 43770  97.7658  77.5836 0015241 161.8759 198.3007 14.94651743  4636
OBJECT P
1 43771U 18099P   19003.41308458  .00000712  00000-0  70894-4 0  9997
2 43771  97.7657  77.2523 0015273 163.0287 197.1447 14.94659037  4573
OBJECT Q
1 43772U 18099Q   19003.74664552  .00000796  00000-0  78490-4 0  9996
2 43772  97.7705  77.6048 0015157 149.9034 210.3060 14.94718828  4627
OBJECT R
1 43773U 18099R   19003.81346354  .00000572  00000-0  57959-4 0  9991
2 43773  97.7606  77.6353 0014476 149.3762 210.8306 14.94718982  4632
OBJECT S
1 43774U 18099S   19003.81219103  .00000785  00000-0  77369-4 0  9996
2 43774  97.7683  77.6597 0013786 152.6001 207.5949 14.94786700  4633
OBJECT T
1 43775U 18099T   19003.40910305  .00000544  00000-0  55161-4 0  9993
2 43775  97.7666  77.2667 0015448 154.9171 205.2803 14.94849584  4565
OBJECT U
1 43776U 18099U   19003.67680034  .00000506  00000-0  51684-4 0  9990
2 43776  97.7666  77.5317 0015455 153.8926 206.3077 14.94850969  4604
OBJECT V
1 43777U 18099V   19003.21288428  .00000725  00000-0  72500-4 0  9995
2 43777  97.7613  77.0413 0016465 158.0439 202.1490 14.94399202  4541
OBJECT W
1 43778U 18099W   19003.14338408  .00000643  00000-0  64343-4 0  9997
2 43778  97.7565  76.9544 0014740 160.5003 199.6784 14.94751989  4113
OBJECT X
1 43779U 18099X   19003.14131968  .00000490  00000-0  50194-4 0  9999
2 43779  97.7665  77.0015 0015431 155.7050 204.4901 14.94850006  4527
MOVE-II
1 43780U 18099Y   19002.87326667  .00000817  00000-0  80107-4 0  9992
2 43780 097.7640 076.7187 0014293 163.1488 197.0210 14.94874390004488
OBJECT Z
1 43781U 18099Z   19003.74280211  .00000801  00000-0  78597-4 0  9997
2 43781  97.7586  77.5629 0014553 153.0332 207.1648 14.94905784  4629
SNUSat 2
1 43782U 18099AA  19003.47414928  .00000603  00000-0  60416-4 0  9993
2 43782  97.7653  77.3254 0013687 150.4115 209.7883 14.94944739  4581
OBJECT AC
1 43784U 18099AC  19003.47260935  .00000569  00000-0  57242-4 0  9996
2 43784  97.7617  77.3110 0015891 158.9761 201.2116 14.95019024  4591
OBJECT AD
1 43785U 18099AD  19003.74031258  .00000740  00000-0  72785-4 0  9991
2 43785  97.7584  77.5622 0014637 148.1155 212.0955 14.95025207  4186
ITASat 1
1 43786U 18099AE  19003.73993352  .00000556  00000-0  55987-4 0  9993
2 43786  97.7671  77.6014 0015988 157.0240 203.1699 14.95038467  4632
OBJECT AH
1 43789U 18099AH  19003.86610250  .00000466  00000-0  47338-4 0  9994
2 43789  97.7645  77.7305 0016712 156.0398 204.1604 14.95412695  4343
EAGLET 1
1 43790U 18099AJ  19003.46423757  .00000195  00000-0  22912-4 0  9996
2 43790  97.7660  77.3424 0014015 162.5767 197.5938 14.95425122  4283
ESEO
1 43792U 18099AL  19003.79807715  .00000147  00000-0  18559-4 0  9993
2 43792  97.7642  77.6697 0013949 158.6405 201.5400 14.95455499  4392
CSIM
1 43793U 18099AM  19003.79737970  .00000566  00000-0  56241-4 0  9994
2 43793  97.7590  77.6385 0013964 157.5650 202.6184 14.95504773  4364
OBJECT AP
1 43795U 18099AP  19003.72859803  .00000342  00000-0  36007-4 0  9999
2 43795  97.7596  77.5821 0014438 161.9005 198.2732 14.95590967  4613
OBJECT AQ
1 43796U 18099AQ  19003.79450685  .00000213  00000-0  24347-4 0  9993
2 43796  97.7638  77.6703 0016106 144.5328 215.6967 14.95636534  4637
Astrocast 0.1
1 43798U 18099AS  19003.79391466  .00000108  00000-0  14922-4 0  9997
2 43798  97.7645  77.6737 0013410 143.0920 217.1226 14.95662083  4623
OBJECT AU
1 43800U 18099AU  19003.80843624  .00000483  00000-0  49460-4 0  9992
2 43800  97.7645  77.6540 0015013 152.9173 207.2834 14.94959188  4639
OBJECT AV
1 43801U 18099AV  19003.80482914  .00000596  00000-0  59524-4 0  9991
2 43801  97.7610  77.6398 0015189 150.3038 209.9048 14.95137735  4632
JO-97
1 43803U 18099AX  19002.93470423  .00000474  00000-0  48386-4 0  9997
2 43803 097.7627 076.7877 0015880 160.6572 199.5255 14.95143351004500
Suomi 100
1 43804U 18099AY  19003.80457046  .00000572  00000-0  57286-4 0  9999
2 43804  97.7626  77.6487 0016020 157.9282 202.2632 14.95150961  4642
Al Farabi 2
1 43805U 18099AZ  19003.80423743  .00000698  00000-0  68725-4 0  9996
2 43805  97.7626  77.6491 0016084 158.1690 202.0220 14.95171292  4645
OBJECT BA
1 43806U 18099BA  19003.80403955  .00000478  00000-0  48734-4 0  9994
2 43806  97.7627  77.6465 0015726 156.0750 204.1205 14.95173981  4333
MinXSS 2
1 43807U 18099BB  19003.80224341  .00000490  00000-0  49762-4 0  9991
2 43807  97.7643  77.6616 0013756 153.9773 206.2142 14.95262423  4043
OBJECT BD
1 43809U 18099BD  19003.80131000  .00000375  00000-0  39213-4 0  9994
2 43809  97.7643  77.6618 0015953 159.2308 200.9564 14.95306107  4330
OBJECT BE
1 43810U 18099BE  19003.80121255  .00000332  00000-0  35344-4 0  9991
2 43810  97.7554  77.6282 0015264 153.9988 206.2003 14.95307521  4181
OBJECT BH
1 43813U 18099BH  19003.80031842  .00000496  00000-0  50152-4 0  9991
2 43813  97.7716  77.6919 0014866 147.9275 212.2853 14.95358035  4322
PWSat 2
1 43814U 18099BJ  19003.81026381  .00012325  00000-0  11290-2 0  9997
2 43814  97.7639  77.6494 0013813 164.0024 196.1616 14.95001888  4034
OBJECT BK
1 43815U 18099BK  19003.80281919  .00000258  00000-0  28731-4 0  9999
2 43815  97.7639  77.6597 0014391 159.6787 200.5010 14.95225806  4336
OBJECT BM
1 43817U 18099BM  19003.66819639  .00001129  00000-0  10757-3 0  9997
2 43817  97.7658  77.5274 0014470 148.2202 211.9895 14.95293278  4160
OBJECT BN
1 43818U 18099BN  19003.80218925  .00000772  00000-0  75230-4 0  9996
2 43818  97.7655  77.6592 0014484 146.6451 213.5685 14.95274592  4337
OBJECT BP
1 43819U 18099BP  19003.80166074  .00000328  00000-0  34969-4 0  9995
2 43819  97.7637  77.6607 0014120 158.5820 201.5995 14.95284340  4225
OBJECT BQ
1 43820U 18099BQ  19003.80149938  .00000338  00000-0  35894-4 0  9996
2 43820  97.7600  77.6479 0013523 148.8610 211.3414 14.95295106  4035
CHOMPTT
1 43855U 18104G   19002.92110523  .00000042  00000-0  00000 0 0  9999
2 43855  85.0388 166.6545 0016681 202.5943 157.4607 15.22061398  2659
